7.11406491610466e-09 5.12483372507689e-08 3.38120358929462e-07 2.04311329522843e-06 1.13068899457679e-05 5.73090839676615e-05 0.000266031678719894 0.00113102662801932 0.00440394504626225 0.0157050939577975 0.0512942605417815 0.153435761969832 0.420352855472129 1.05470497857326 2.4236928221909 5.10098144625606 9.83239908302716 17.357806310732 28.0646586829602 41.5579654977594 56.360959516195 70.0054843374614 79.6370818417674 82.9713578136805 79.1718227103287 69.1898957409638 55.3788962275426 40.5952762638777 27.2543791692993 16.7581731188646 9.43727559857828 4.8673904990027
1.37933028494863e-08 9.9364265658054e-08 6.55574072670221e-07 3.96134710172542e-06 2.19226784049624e-05 0.000111115313187981 0.000515802927779574 0.00219292247049749 0.00853871147817009 0.0304502587190548 0.0994533053095404 0.297493199422535 0.815012838306817 2.04494411533815 4.69924431458665 9.89017991086114 19.0638207394184 33.6546660833322 54.4139449311485 80.5758185621066 109.277015695294 135.732082568667 154.406573575981 160.871327385052 153.504492954128 134.150755908769 107.372914943124 78.7092817354872 52.8429119343371 32.4920505728513 18.2977245696168 9.43727559857828
2.44933566491841e-08 1.76445367980711e-07 1.16413086460056e-06 7.03433314214413e-06 3.89290358326403e-05 0.000197312204683475 0.000915933276363099 0.00389406603770071 0.0151625544542503 0.0540718242036942 0.176603479490591 0.528271372975355 1.44725308652642 3.63129455585709 8.34464872081803 17.5624146388071 33.8524402430617 59.7620271434087 96.6251647216838 143.081920470928 194.047861356355 241.025252861368 274.186343680248 285.666082972759 272.584480613914 238.217223611058 190.666668372499 139.767431353122 93.8354143683106 57.6975211541748 32.4920505728513 16.7581731188646
3.98343676551641e-08 2.86959021577325e-07 1.89326508095278e-06 1.14401719864888e-05 6.33115970191088e-05 0.00032089545817618 0.00148961301633037 0.00633305024056085 0.0246593710030419 0.0879388217779087 0.287216163630385 0.859145457039657 2.35371624904195 5.90569616382186 13.5711821723436 28.5623441349752 55.0553592952117 97.1929897214695 157.144747099927 232.698927569643 315.586547106636 391.987454972957 445.918449505287 464.588334654676 443.313285859016 387.420662795576 310.087599520108 227.308462718345 152.607682505879 93.8354143683106 52.8429119343371 27.2543791692993
5.9333113027936e-08 4.27424183283756e-07 2.82000989729412e-06 1.70400851699065e-05 9.43023414964874e-05 0.000477972354298194 0.00221877194664986 0.00943305009853924 0.0367300231696188 0.130984482978626 0.427807195225366 1.27969332791362 3.50584985932345 8.79650810651853 20.214215341008 42.5434842489231 82.0047122157076 144.768524872501 234.066400203484 346.604015168274 470.064754928942 583.863566575991 664.193542490167 692.002253183826 660.313162853704 577.061349988012 461.874097014886 338.574941804693 227.308462718345 139.767431353122 78.7092817354872 40.5952762638777
8.09405086412697e-08 5.83079650384728e-07 3.84697555567212e-06 2.32455890236773e-05 0.000128644513952851 0.000652035996411409 0.00302678421468066 0.0128682928309333 0.050106030276126 0.178685225422303 0.58360214414559 1.74572045153605 4.78257850215879 11.9999407425906 27.575645166553 58.0365849480773 111.868445442853 197.489014825659 319.306581459511 472.827125581925 641.24867913754 796.48971112498 906.073529971179 944.009365010591 900.780028830447 787.210324920183 630.075221622203 461.874097014886 310.087599520108 190.666668372499 107.372914943124 55.3788962275426
1.01126344792057e-07 7.28494480154199e-07 4.80637672013785e-06 2.90428302214086e-05 0.000160727300729729 0.00081464791977243 0.00378163702258828 0.0160775295281825 0.0626020243623873 0.223247716361507 0.729147279167939 2.18108745862967 5.97531064139855 14.9926182252916 34.4527634899789 72.5103881669988 139.767431353122 246.741002016885 398.938776060316 590.745965540611 801.170342421719 995.127093993603 1132.04013338882 1179.43682508955 1125.42648058998 983.533512182004 787.210324920183 577.061349988012 387.420662795576 238.217223611058 134.150755908769 69.1898957409638
1.15715697436442e-07 8.3359333339874e-07 5.4997857922846e-06 3.32327976602831e-05 0.00018391519775842 0.000932176006118411 0.00432720836909595 0.0183970116415673 0.0716335285817207 0.255455344035077 0.83434031078941 2.4957498163726 6.83736013291695 17.1555817418824 39.4232142381243 82.9713578136804 159.931478104772 282.33797229852 456.493100795688 675.972038254321 916.754038023965 1138.69265181247 1295.35793892769 1349.59248332467 1287.79014393031 1125.42648058998 900.780028830447 660.313162853704 443.313285859016 272.584480613914 153.504492954128 79.1718227103287
1.2126900970547e-07 8.73598312742931e-07 5.76372602333317e-06 3.48276729198161e-05 0.000192741472384934 0.000976912066707897 0.00453487543466362 0.0192799026643578 0.0750712933963446 0.267714901965824 0.874381138327063 2.61552335084315 7.16549189684421 17.9788952998536 41.3151737921282 86.9532364138394 167.606749993021 295.88765449647 478.400662116552 708.412613705371 960.749982911529 1193.33965316192 1357.52346438703 1414.36077891354 1349.59248332467 1179.43682508955 944.009365010591 692.002253183826 464.588334654676 285.666082972759 160.871327385052 82.9713578136805
1.16395709378065e-07 8.38492006903949e-07 5.53210569440658e-06 3.34280926787049e-05 0.000184995989159175 0.00093765400806541 0.00435263753238206 0.0185051230550021 0.0720544883644929 0.256956546450512 0.839243373963065 2.51041627663716 6.87754039058783 17.256397799759 39.6548877020795 83.4589451970341 160.871327385052 283.997152487466 459.175716609157 679.94443844202 922.141411623212 1145.38426425767 1302.97020663779 1357.52346438703 1295.35793892769 1132.04013338882 906.073529971179 664.193542490167 445.918449505287 274.186343680248 154.406573575981 79.6370818417674
1.02318390143978e-07 7.37081742560976e-07 4.86303276798177e-06 2.93851779137259e-05 0.000162621903290077 0.000824250731662973 0.0038262137631468 0.0162670463586765 0.0633399572157445 0.22587928979732 0.737742236562918 2.20679742740723 6.04574571240806 15.1693464646572 34.8588817637433 73.3651176774756 141.414965605813 249.649506869773 403.641340112062 597.709492046355 810.614284895307 1006.85733727892 1145.38426425767 1193.33965316192 1138.69265181247 995.127093993603 796.48971112498 583.863566575991 391.987454972957 241.025252861368 135.732082568667 70.0054843374614
8.23758695371395e-08 5.93419710552239e-07 3.91519601008577e-06 2.36578153618379e-05 0.000130925835233082 0.000663598895973806 0.00308045978177208 0.0130964930811688 0.0509945870410009 0.181853945134426 0.593951469971611 1.77667823662189 4.86739049900268 12.212742045471 28.0646586829601 59.0657784379959 113.852267817655 200.991192091444 324.969014134009 481.212019350936 652.620281491084 810.614284895307 922.141411623212 960.749982911529 916.754038023965 801.170342421719 641.24867913754 470.064754928942 315.586547106636 194.047861356355 109.277015695294 56.360959516195
6.0740157255284e-08 4.37560255689651e-07 2.88688450482034e-06 1.74441791445568e-05 9.65386570790784e-05 0.000489307142035195 0.00227138860706114 0.00965674843510189 0.0376010505678751 0.134090690477977 0.437952350497707 1.31004038064569 3.58898869284778 9.00511128475171 20.6935816434729 43.5523739037694 83.9493979240761 148.201611505384 239.617124923884 354.823492519622 481.212019350936 597.709492046355 679.94443844202 708.412613705371 675.972038254321 590.745965540611 472.827125581925 346.604015168274 232.698927569643 143.081920470928 80.5758185621066 41.5579654977594
4.10186533749054e-08 2.95490385106097e-07 1.94955232563725e-06 1.17802911627807e-05 6.51938666434897e-05 0.000330435760458313 0.00153389958411155 0.00652133340918616 0.0253925002744668 0.0905532649578281 0.295755172056749 0.884688066495909 2.42369282219089 6.08127398879176 13.9746568147892 29.4115097744101 56.6921689057714 100.082561630393 161.816699759847 239.617124923884 324.969014134009 403.641340112062 459.175716609157 478.400662116552 456.493100795688 398.938776060316 319.306581459511 234.066400203484 157.144747099927 96.6251647216838 54.4139449311485 28.0646586829602
2.53697665969106e-08 1.82758854447406e-07 1.20578525623028e-06 7.28603239389217e-06 4.03219765695019e-05 0.000204372338640174 0.000948706776800621 0.00403340170579333 0.0157050939577975 0.0560065971832653 0.182922623430131 0.547173734664935 1.49903802642162 3.76122785644391 8.64323307795441 18.1908248283947 35.0637325868911 61.9004043301277 100.082561630393 148.201611505384 200.991192091444 249.649506869773 283.997152487466 295.88765449647 282.33797229852 246.741002016885 197.489014825659 144.768524872501 97.1929897214695 59.7620271434087 33.6546660833322 17.357806310732
1.43708061582557e-08 1.03524486949295e-07 6.83021900086305e-07 4.12720230576131e-06 2.28405455361423e-05 0.000115767531856796 0.000537398763143745 0.00228473659191615 0.00889621353442737 0.0317251618626332 0.103617254547156 0.309948759115354 0.849136109284607 2.13056262206878 4.89599408293461 10.304265767249 19.8619921183069 35.0637325868911 56.6921689057714 83.9493979240761 113.852267817655 141.414965605813 160.871327385052 167.606749993021 159.931478104772 139.767431353122 111.868445442853 82.0047122157076 55.0553592952117 33.8524402430617 19.0638207394184 9.83239908302716
7.45547601983987e-09 5.37077963071195e-08 3.54347093756709e-07 2.14116434949994e-06 1.18495189239571e-05 6.00594043319247e-05 0.000278798805549828 0.00118530572920546 0.00461529478185855 0.0164587971535975 0.0537559235028836 0.160799297931949 0.440526010206788 1.10532132732691 2.54000826930835 5.34578265713013 10.304265767249 18.1908248283947 29.4115097744101 43.5523739037694 59.0657784379959 73.3651176774756 83.4589451970341 86.9532364138394 82.9713578136804 72.5103881669988 58.0365849480773 42.5434842489231 28.5623441349752 17.5624146388071 9.89017991086114 5.10098144625606
3.5424131425855e-09 2.55188539258062e-08 1.6836534630658e-07 1.0173580750471e-06 5.63020945380798e-06 2.85367725246652e-05 0.000132469147548551 0.000563189068269512 0.00219292247049749 0.00782027320494351 0.0255417211995171 0.0764025723906618 0.20931260781398 0.525185083592691 1.20686575230471 2.54000826930835 4.89599408293461 8.64323307795441 13.9746568147892 20.6935816434729 28.0646586829601 34.8588817637433 39.6548877020795 41.3151737921282 39.4232142381243 34.4527634899789 27.575645166553 20.214215341008 13.5711821723436 8.34464872081803 4.69924431458665 2.4236928221909
1.54153230287282e-09 1.110489829264e-08 7.32666150359105e-08 4.42718077521859e-07 2.45006705757937e-06 1.24181892105328e-05 5.76458650814154e-05 0.000245079866864045 0.00095428192305662 0.00340310496756808 0.0111148493174598 0.0332476841695608 0.0910854079849928 0.228541883388057 0.525185083592691 1.10532132732691 2.13056262206878 3.76122785644391 6.08127398879176 9.00511128475171 12.212742045471 15.1693464646572 17.256397799759 17.9788952998536 17.1555817418824 14.9926182252916 11.9999407425906 8.79650810651853 5.90569616382186 3.63129455585709 2.04494411533815 1.05470497857326
6.14377971545822e-10 4.42585917566575e-09 2.9200422361506e-08 1.7644536798071e-07 9.76474658482094e-07 4.94927150292018e-06 2.29747697085048e-05 9.76766242199691e-05 0.00038032922896118 0.00135630808581537 0.00442982515836506 0.0132508703973466 0.0363021054381761 0.0910854079849928 0.20931260781398 0.440526010206788 0.849136109284607 1.49903802642162 2.42369282219089 3.58898869284778 4.86739049900268 6.04574571240806 6.87754039058783 7.16549189684421 6.83736013291695 5.97531064139855 4.78257850215879 3.50584985932345 2.35371624904195 1.44725308652642 0.815012838306817 0.420352855472129
2.24258146398778e-10 1.61551198272869e-09 1.06586383238585e-08 6.44054848914014e-08 3.56429440928029e-07 1.80656616069184e-06 8.38617188016125e-06 3.56535873819599e-05 0.000138826474675695 0.000495074939788825 0.0016169596321725 0.00483678740304208 0.0132508703973466 0.0332476841695608 0.0764025723906618 0.160799297931949 0.309948759115354 0.547173734664935 0.884688066495909 1.31004038064569 1.77667823662189 2.20679742740723 2.51041627663716 2.61552335084315 2.4957498163726 2.18108745862967 1.74572045153605 1.27969332791362 0.859145457039657 0.528271372975355 0.297493199422535 0.153435761969832
7.49704999819898e-11 5.40072871451888e-10 3.56323039808745e-09 2.15310412639582e-08 1.19155954081413e-07 6.03943136481525e-07 2.80353471607049e-06 1.19191535072443e-05 4.64103105474995e-05 0.000165505763605669 0.000540556827126827 0.0016169596321725 0.00442982515836506 0.0111148493174598 0.0255417211995171 0.0537559235028836 0.103617254547156 0.182922623430131 0.295755172056749 0.437952350497707 0.593951469971611 0.737742236562918 0.839243373963065 0.874381138327063 0.83434031078941 0.729147279167939 0.58360214414559 0.427807195225366 0.287216163630385 0.176603479490591 0.0994533053095404 0.0512942605417815
2.29542006034212e-11 1.653575877812e-10 1.0909771893419e-09 6.59229751024955e-09 3.64827455296929e-08 1.84913157991298e-07 8.58376271824213e-07 3.64936395907701e-06 1.42097435475327e-05 5.06739650894631e-05 0.000165505763605669 0.000495074939788825 0.00135630808581537 0.00340310496756808 0.00782027320494351 0.0164587971535975 0.0317251618626332 0.0560065971832653 0.0905532649578281 0.134090690477977 0.181853945134426 0.22587928979732 0.256956546450512 0.267714901965824 0.255455344035077 0.223247716361507 0.178685225422303 0.130984482978626 0.0879388217779087 0.0540718242036942 0.0304502587190548 0.0157050939577975
6.43670380514704e-12 4.63687598130753e-11 3.05926446635609e-10 1.84857957817796e-09 1.02303116989483e-08 5.18524364332227e-08 2.4070164370156e-07 1.0233366557865e-06 3.98462625393867e-06 1.42097435475327e-05 4.64103105474995e-05 0.000138826474675695 0.00038032922896118 0.00095428192305662 0.00219292247049749 0.00461529478185855 0.00889621353442737 0.0157050939577975 0.0253925002744668 0.0376010505678751 0.0509945870410009 0.0633399572157445 0.0720544883644929 0.0750712933963446 0.0716335285817207 0.0626020243623873 0.050106030276126 0.0367300231696188 0.0246593710030419 0.0151625544542503 0.00853871147817009 0.00440394504626225
1.65308225325686e-12 1.19084823961033e-11 7.85684093978135e-11 4.7475449965174e-10 2.62736133691507e-09 1.33168070258799e-08 6.18172946244053e-08 2.62814588957032e-07 1.0233366557865e-06 3.64936395907701e-06 1.19191535072443e-05 3.56535873819599e-05 9.76766242199691e-05 0.000245079866864045 0.000563189068269512 0.00118530572920546 0.00228473659191615 0.00403340170579333 0.00652133340918616 0.00965674843510189 0.0130964930811688 0.0162670463586765 0.0185051230550021 0.0192799026643578 0.0183970116415673 0.0160775295281825 0.0128682928309333 0.00943305009853924 0.00633305024056085 0.00389406603770071 0.00219292247049749 0.00113102662801932
3.88825723463405e-13 2.80102473660554e-12 1.84802774122619e-11 1.11668225480557e-10 6.1798840959854e-10 3.13228039068165e-09 1.45402046737417e-08 6.18172946244053e-08 2.4070164370156e-07 8.58376271824213e-07 2.80353471607049e-06 8.38617188016125e-06 2.29747697085048e-05 5.76458650814154e-05 0.000132469147548551 0.000278798805549828 0.000537398763143745 0.000948706776800621 0.00153389958411155 0.00227138860706114 0.00308045978177208 0.0038262137631468 0.00435263753238206 0.00453487543466362 0.00432720836909595 0.00378163702258828 0.00302678421468066 0.00221877194664986 0.00148961301633037 0.000915933276363099 0.000515802927779574 0.000266031678719894
8.37616262167524e-14 6.03402431612816e-13 3.98105885382211e-12 2.40557956908702e-11 1.33128317000226e-10 6.74762196681243e-10 3.13228039068165e-09 1.33168070258799e-08 5.18524364332227e-08 1.84913157991298e-07 6.03943136481525e-07 1.80656616069184e-06 4.94927150292018e-06 1.24181892105328e-05 2.85367725246652e-05 6.00594043319247e-05 0.000115767531856796 0.000204372338640174 0.000330435760458313 0.000489307142035195 0.000663598895973806 0.000824250731662973 0.00093765400806541 0.000976912066707897 0.000932176006118411 0.00081464791977243 0.000652035996411409 0.000477972354298194 0.00032089545817618 0.000197312204683475 0.000111115313187981 5.73090839676615e-05
1.65258877605824e-14 1.19049274825344e-13 7.85449551997583e-13 4.74612776201466e-12 2.62657701846405e-11 1.33128317000226e-10 6.1798840959854e-10 2.62736133691507e-09 1.02303116989483e-08 3.64827455296929e-08 1.19155954081413e-07 3.56429440928029e-07 9.76474658482094e-07 2.45006705757937e-06 5.63020945380798e-06 1.18495189239571e-05 2.28405455361423e-05 4.03219765695019e-05 6.51938666434897e-05 9.65386570790784e-05 0.000130925835233082 0.000162621903290077 0.000184995989159175 0.000192741472384934 0.00018391519775842 0.000160727300729729 0.000128644513952851 9.43023414964874e-05 6.33115970191088e-05 3.89290358326403e-05 2.19226784049624e-05 1.13068899457679e-05
2.98616694431846e-15 2.15117647159911e-14 1.41927836046386e-13 8.57607775253391e-13 4.74612776201466e-12 2.40557956908702e-11 1.11668225480557e-10 4.7475449965174e-10 1.84857957817796e-09 6.59229751024955e-09 2.15310412639582e-08 6.44054848914014e-08 1.7644536798071e-07 4.42718077521859e-07 1.0173580750471e-06 2.14116434949994e-06 4.12720230576131e-06 7.28603239389217e-06 1.17802911627807e-05 1.74441791445568e-05 2.36578153618379e-05 2.93851779137259e-05 3.34280926787049e-05 3.48276729198161e-05 3.32327976602831e-05 2.90428302214086e-05 2.32455890236773e-05 1.70400851699065e-05 1.14401719864888e-05 7.03433314214413e-06 3.96134710172542e-06 2.04311329522843e-06
4.94188864315213e-16 3.56004026989791e-15 2.3488022410779e-14 1.41927836046386e-13 7.85449551997583e-13 3.98105885382211e-12 1.84802774122619e-11 7.85684093978135e-11 3.05926446635609e-10 1.0909771893419e-09 3.56323039808745e-09 1.06586383238585e-08 2.9200422361506e-08 7.32666150359105e-08 1.6836534630658e-07 3.54347093756709e-07 6.83021900086305e-07 1.20578525623028e-06 1.94955232563725e-06 2.88688450482034e-06 3.91519601008577e-06 4.86303276798177e-06 5.53210569440658e-06 5.76372602333317e-06 5.4997857922846e-06 4.80637672013785e-06 3.84697555567212e-06 2.82000989729412e-06 1.89326508095278e-06 1.16413086460056e-06 6.55574072670221e-07 3.38120358929462e-07
7.49033795663398e-17 5.39589349058122e-16 3.56004026989791e-15 2.15117647159911e-14 1.19049274825344e-13 6.03402431612816e-13 2.80102473660554e-12 1.19084823961033e-11 4.63687598130753e-11 1.653575877812e-10 5.40072871451888e-10 1.61551198272869e-09 4.42585917566575e-09 1.110489829264e-08 2.55188539258062e-08 5.37077963071195e-08 1.03524486949295e-07 1.82758854447406e-07 2.95490385106097e-07 4.37560255689651e-07 5.93419710552239e-07 7.37081742560976e-07 8.38492006903949e-07 8.73598312742931e-07 8.3359333339874e-07 7.28494480154199e-07 5.83079650384728e-07 4.27424183283756e-07 2.86959021577325e-07 1.76445367980711e-07 9.9364265658054e-08 5.12483372507689e-08
1.03977520687771e-17 7.49033795663398e-17 4.94188864315213e-16 2.98616694431846e-15 1.65258877605824e-14 8.37616262167524e-14 3.88825723463405e-13 1.65308225325686e-12 6.43670380514704e-12 2.29542006034212e-11 7.49704999819898e-11 2.24258146398778e-10 6.14377971545822e-10 1.54153230287282e-09 3.5424131425855e-09 7.45547601983987e-09 1.43708061582557e-08 2.53697665969106e-08 4.10186533749054e-08 6.0740157255284e-08 8.23758695371395e-08 1.02318390143978e-07 1.16395709378065e-07 1.2126900970547e-07 1.15715697436442e-07 1.01126344792057e-07 8.09405086412697e-08 5.9333113027936e-08 3.98343676551641e-08 2.44933566491841e-08 1.37933028494863e-08 7.11406491610466e-09
