0.166666666666666657414808128124 0.144133333333333335524173435260 0.7273012166 
0.773766666666666602658608553611 0.666666666666666629659232512495 0.0349689403 
0.500000000000000000000000000000 0.077999999999999999888977697537 0.6148708690 
0.533333333333333325931846502499 0.810816666666666630014503880375 0.1097127013 
0.966666666666666674068153497501 0.297800000000000009148237722911 0.3914959502 
0.399999999999999966693309261245 0.951999999999999957367435854394 0.2059872440 
0.822166666666666601237523082091 0.965333333333333265535713962890 0.1195613542 
0.966666666666666674068153497501 0.892900000000000027000623958884 0.0896281696 
0.333333333333333314829616256247 0.666666666666666629659232512495 0.3262369665 
0.666666666666666629659232512495 0.733333333333333392545227980008 0.0000000000 
